23-Jan-2018 14:13:53
0.010000
0.000100
0.000300
0.000500
0.000800
0.001000
0.003000
0.005000
0.008000
0.010000
0.771396
23-Jan-2018 14:13:56
0.010000
0.000100
0.000300
0.000500
0.000800
0.001000
0.003000
0.005000
0.008000
0.010000
0.771396
0.909391
23-Jan-2018 14:14:01
0.010000
0.000100
0.000300
0.000500
0.000800
0.001000
0.003000
0.005000
0.008000
0.010000
0.771396
0.909391
0.904076
23-Jan-2018 14:14:06
0.010000
0.000100
0.000300
0.000500
0.000800
0.001000
0.003000
0.005000
0.008000
0.010000
0.771396
0.909391
0.904076
0.908764
23-Jan-2018 14:14:12
0.010000
0.000100
0.000300
0.000500
0.000800
0.001000
0.003000
0.005000
0.008000
0.010000
0.771396
0.909391
0.904076
0.908764
0.937262
23-Jan-2018 14:14:16
0.010000
0.000100
0.000300
0.000500
0.000800
0.001000
0.003000
0.005000
0.008000
0.010000
0.771396
0.909391
0.904076
0.908764
0.937262
0.962806
23-Jan-2018 14:14:21
0.010000
0.000100
0.000300
0.000500
0.000800
0.001000
0.003000
0.005000
0.008000
0.010000
0.771396
0.909391
0.904076
0.908764
0.937262
0.962806
0.966106
23-Jan-2018 14:14:26
0.010000
0.000100
0.000300
0.000500
0.000800
0.001000
0.003000
0.005000
0.008000
0.010000
0.771396
0.909391
0.904076
0.908764
0.937262
0.962806
0.966106
0.974445
23-Jan-2018 14:14:32
0.010000
0.000100
0.000300
0.000500
0.000800
0.001000
0.003000
0.005000
0.008000
0.010000
0.771396
0.909391
0.904076
0.908764
0.937262
0.962806
0.966106
0.974445
0.971333
23-Jan-2018 14:15:21
0.01
0.0001      0.0003      0.0005      0.0008       0.001       0.003       0.005       0.008        0.01
0.78535
23-Jan-2018 14:15:25
0.01
0.0001      0.0003      0.0005      0.0008       0.001       0.003       0.005       0.008        0.01
0.78535     0.88467
23-Jan-2018 14:15:30
0.01
0.0001      0.0003      0.0005      0.0008       0.001       0.003       0.005       0.008        0.01
0.78535     0.88467     0.91038
23-Jan-2018 14:15:35
0.01
0.0001      0.0003      0.0005      0.0008       0.001       0.003       0.005       0.008        0.01
0.78535     0.88467     0.91038      0.9193
23-Jan-2018 14:15:40
0.01
0.0001      0.0003      0.0005      0.0008       0.001       0.003       0.005       0.008        0.01
0.78535     0.88467     0.91038      0.9193     0.92891
23-Jan-2018 14:15:43
0.01
0.0001      0.0003      0.0005      0.0008       0.001       0.003       0.005       0.008        0.01
0.78535     0.88467     0.91038      0.9193     0.92891     0.96665
23-Jan-2018 14:15:48
0.01
0.0001      0.0003      0.0005      0.0008       0.001       0.003       0.005       0.008        0.01
0.78535     0.88467     0.91038      0.9193     0.92891     0.96665     0.96657
23-Jan-2018 14:15:54
0.01
0.0001      0.0003      0.0005      0.0008       0.001       0.003       0.005       0.008        0.01
0.78535     0.88467     0.91038      0.9193     0.92891     0.96665     0.96657     0.97211
23-Jan-2018 14:16:22
0.01
0.0001      0.0003      0.0005      0.0008       0.001       0.003       0.005       0.008        0.01
0.82652
23-Jan-2018 14:16:28
0.01
0.0001      0.0003      0.0005      0.0008       0.001       0.003       0.005       0.008        0.01
0.82652     0.87845
23-Jan-2018 14:16:32
0.01
0.0001      0.0003      0.0005      0.0008       0.001       0.003       0.005       0.008        0.01
0.82652     0.87845     0.91043
23-Jan-2018 14:16:35
0.01
0.0001      0.0003      0.0005      0.0008       0.001       0.003       0.005       0.008        0.01
0.82652     0.87845     0.91043       0.943
23-Jan-2018 14:16:41
0.01
0.0001      0.0003      0.0005      0.0008       0.001       0.003       0.005       0.008        0.01
0.82652     0.87845     0.91043       0.943     0.91404
23-Jan-2018 14:16:47
0.01
0.0001      0.0003      0.0005      0.0008       0.001       0.003       0.005       0.008        0.01
0.82652     0.87845     0.91043       0.943     0.91404     0.95214
23-Jan-2018 14:16:52
0.01
0.0001      0.0003      0.0005      0.0008       0.001       0.003       0.005       0.008        0.01
0.82652     0.87845     0.91043       0.943     0.91404     0.95214       0.968
23-Jan-2018 14:16:58
0.01
0.0001      0.0003      0.0005      0.0008       0.001       0.003       0.005       0.008        0.01
0.82652     0.87845     0.91043       0.943     0.91404     0.95214       0.968     0.96832
23-Jan-2018 14:17:03
0.01
0.0001      0.0003      0.0005      0.0008       0.001       0.003       0.005       0.008        0.01
0.82652     0.87845     0.91043       0.943     0.91404     0.95214       0.968     0.96832     0.97772
